var hq_str_sh600000="浦发银行,16.820,16.740,16.630,16.850,16.620,16.630,16.640,8174289,136532939.000,2900,16.630,87200,16.620,62700,16.610,55000,16.600,13400,16.590,14700,16.640,42350,16.650,70921,16.660,4200,16.670,14500,16.680,2017-02-03,15:00:00,00";
var hq_str_sh600004="白云机场,14.380,14.440,14.250,14.440,14.170,14.260,14.270,5703293,81481513.000,1000,14.260,2300,14.220,15600,14.210,7100,14.200,46200,14.190,42836,14.270,3367,14.280,35100,14.290,12015,14.300,12000,14.310,2017-02-03,15:00:00,00";
var hq_str_sh600005="武钢股份,0.000,3.710,3.710,0.000,0.000,0.000,0.000,0,0.000,0,0.000,0,0.000,0,0.000,0,0.000,0,0.000,0,0.000,0,0.000,0,0.000,0,0.000,0,0.000,2017-02-03,15:00:00,03";
var hq_str_sh600006="东风汽车,6.840,6.850,6.800,6.840,6.770,6.790,6.800,4328934,29455004.000,33900,6.790,187300,6.780,69700,6.770,67100,6.760,110100,6.750,15600,6.800,39100,6.810,34644,6.820,34600,6.830,54300,6.840,2017-02-03,15:00:00,00";
var hq_str_sh600007="中国国贸,18.190,18.190,18.200,18.250,18.100,18.180,18.200,617323,11218421.000,5300,18.180,26100,18.170,1600,18.150,4000,18.140,2100,18.130,3400,18.200,9200,18.210,3600,18.220,5200,18.230,5700,18.240,2017-02-03,15:00:00,00";
var hq_str_sh600008="首创股份,4.180,4.180,4.150,4.190,4.150,4.150,4.160,6562200,27342410.000,314800,4.150,269000,4.140,253700,4.130,266000,4.120,24800,4.110,262924,4.160,364400,4.170,1101635,4.180,1204186,4.190,639564,4.200,2017-02-03,15:00:00,00";
var hq_str_sh600009="上海机场,27.580,27.500,27.630,27.670,27.430,27.630,27.640,3167560,87376407.000,1800,27.630,3100,27.610,187600,27.600,21700,27.550,5900,27.540,12000,27.640,20200,27.650,21900,27.660,38600,27.670,46100,27.680,2017-02-03,15:00:00,00";
var hq_str_sh600010="包钢股份,2.930,2.940,2.920,2.940,2.900,2.910,2.920,41265319,120343926.000,1323881,2.910,4698900,2.900,1759100,2.890,1185300,2.880,496600,2.870,3234775,2.920,3651045,2.930,1973800,2.940,1680780,2.950,1599300,2.960,2017-02-03,15:00:00,00";
var hq_str_sh600011="华能国际,7.270,7.270,7.240,7.280,7.220,7.230,7.240,4665806,33763760.000,38395,7.230,283000,7.220,123100,7.210,113000,7.200,119300,7.190,72600,7.240,214300,7.250,109700,7.260,106300,7.270,115900,7.280,2017-02-03,15:00:00,00";
var hq_str_sh600012="皖通高速,13.690,13.630,13.600,13.890,13.590,13.610,13.630,2015550,27614253.000,200,13.610,13400,13.600,16050,13.590,17100,13.580,4500,13.570,2900,13.630,5500,13.640,7100,13.650,16800,13.660,1500,13.670,2017-02-03,15:00:00,00";
var hq_str_sh600015="华夏银行,11.620,11.590,11.490,11.650,11.460,11.480,11.490,17415778,200613865.000,16600,11.480,107600,11.470,124529,11.460,88700,11.450,39400,11.440,17050,11.490,109304,11.500,28600,11.510,37514,11.520,54284,11.530,2017-02-03,15:00:00,00";
var hq_str_sh600016="民生银行,9.280,9.250,9.170,9.280,9.170,9.170,9.180,24803969,228389826.000,280650,9.170,337600,9.160,350600,9.150,243800,9.140,158600,9.130,300,9.180,1910560,9.190,1563673,9.200,1791900,9.210,1450435,9.220,2017-02-03,15:00:00,00";
var hq_str_sh600017="日照港,3.990,4.000,3.990,4.000,3.980,3.990,4.000,7359002,29371097.000,133548,3.990,806200,3.980,560400,3.970,292300,3.960,170600,3.950,1561400,4.000,764000,4.010,804800,4.020,1295000,4.030,497500,4.040,2017-02-03,15:00:00,00";
var hq_str_sh600018="上港集团,5.350,5.340,5.310,5.370,5.300,5.310,5.320,7312201,38868690.000,33100,5.310,607799,5.300,202300,5.290,319400,5.280,64300,5.270,91302,5.320,241100,5.330,194000,5.340,408700,5.350,253100,5.360,2017-02-03,15:00:00,00";
var hq_str_sh600019="宝钢股份,0.000,6.800,6.800,0.000,0.000,0.000,0.000,0,0.000,0,0.000,0,0.000,0,0.000,0,0.000,0,0.000,0,0.000,0,0.000,0,0.000,0,0.000,0,0.000,2017-02-03,15:00:00,03";
var hq_str_sh600020="中原高速,4.600,4.600,4.580,4.610,4.570,4.570,4.580,6885545,31595659.000,369903,4.570,559900,4.560,343700,4.550,74900,4.540,24200,4.530,47900,4.580,389000,4.590,509122,4.600,462051,4.610,841265,4.620,2017-02-03,15:00:00,00";
var hq_str_sh600021="上海电力,12.650,12.630,12.690,12.700,12.460,12.690,12.700,5586367,70279691.000,82900,12.690,40800,12.680,12586,12.670,113033,12.660,2600,12.650,52800,12.700,16100,12.710,17000,12.720,10000,12.730,21600,12.740,2017-02-03,15:00:00,00";
var hq_str_sh600022="山东钢铁,2.680,2.670,2.630,2.680,2.630,2.630,2.640,40367800,106735855.000,3340500,2.630,3199100,2.620,2544900,2.610,2127000,2.600,514200,2.590,772040,2.640,3383280,2.650,1777500,2.660,987646,2.670,1904683,2.680,2017-02-03,15:00:00,00";
var hq_str_sh600023="浙能电力,5.680,5.680,5.710,5.730,5.670,5.710,5.720,21380040,121796603.000,185053,5.710,888183,5.700,301300,5.690,785167,5.680,514646,5.670,810000,5.720,1165588,5.730,919100,5.740,780700,5.750,353200,5.760,2017-02-03,15:00:00,00";
var hq_str_sh600026="中远海能,7.150,7.120,7.070,7.160,7.050,7.070,7.080,11031390,78256221.000,71600,7.070,305400,7.060,273700,7.050,70200,7.040,158200,7.030,243637,7.080,200948,7.090,49100,7.100,66700,7.110,119400,7.120,2017-02-03,15:00:00,00";
var hq_str_sh600027="华电国际,5.040,5.040,4.990,5.050,4.980,4.990,5.000,23236482,116257578.000,183518,4.990,1286200,4.980,469400,4.970,271700,4.960,370200,4.950,508144,5.000,543600,5.010,888100,5.020,481401,5.030,1070186,5.040,2017-02-03,15:00:00,00";
var hq_str_sh600028="中国石化,6.030,6.030,5.950,6.040,5.900,5.940,5.950,59164260,351674872.000,431074,5.940,652500,5.930,1206013,5.920,2551416,5.910,3111938,5.900,1023830,5.950,654291,5.960,932200,5.970,655930,5.980,546800,5.990,2017-02-03,15:00:00,00";
var hq_str_sh600029="南方航空,7.310,7.320,7.290,7.350,7.260,7.280,7.290,25940965,189275239.000,210400,7.280,220700,7.270,479000,7.260,432900,7.250,329300,7.240,4500,7.290,392000,7.300,507600,7.310,229490,7.320,420400,7.330,2017-02-03,15:00:00,00";
var hq_str_sh600030="中信证券,16.550,16.480,16.370,16.550,16.360,16.360,16.370,27282298,448302077.000,245338,16.360,308800,16.350,40200,16.340,123200,16.330,254900,16.320,22900,16.370,100700,16.380,68901,16.390,63100,16.400,58432,16.410,2017-02-03,15:00:00,00";
var hq_str_sh600031="三一重工,6.880,6.880,6.880,6.950,6.790,6.870,6.890,26995226,185337753.000,59196,6.870,101600,6.860,98200,6.850,38700,6.840,36800,6.830,122350,6.890,167326,6.900,156100,6.910,244630,6.920,262426,6.930,2017-02-03,15:00:00,00";
var hq_str_sh600033="福建高速,3.510,3.520,3.500,3.520,3.480,3.490,3.500,11309170,39523045.000,154000,3.490,953700,3.480,241600,3.470,142800,3.460,216800,3.450,210400,3.500,827710,3.510,814200,3.520,941121,3.530,491500,3.540,2017-02-03,15:00:00,00";
var hq_str_sh600035="楚天高速,5.820,5.810,5.820,5.840,5.700,5.820,5.830,3918326,22714616.000,16500,5.820,4300,5.810,9400,5.800,8600,5.790,29600,5.780,110700,5.830,83320,5.840,124180,5.850,127400,5.860,67000,5.870,2017-02-03,15:00:00,00";
var hq_str_sh600036="招商银行,19.080,19.000,18.700,19.080,18.660,18.690,18.710,23307310,437172383.000,52702,18.690,36200,18.680,98100,18.670,255700,18.660,174300,18.650,36000,18.710,81100,18.720,19800,18.730,51300,18.740,27800,18.750,2017-02-03,15:00:00,00";
var hq_str_sh600037="歌华有线,15.140,15.110,15.040,15.140,15.020,15.030,15.040,4159240,62678060.000,15506,15.030,60700,15.020,82000,15.010,80000,15.000,20300,14.990,3700,15.040,4400,15.050,16100,15.060,14401,15.070,12400,15.080,2017-02-03,15:00:00,00";
var hq_str_sh600038="中直股份,51.900,51.970,52.180,53.120,51.420,52.200,52.250,5496802,288162842.000,3700,52.200,1900,52.190,4300,52.180,1100,52.170,300,52.160,2100,52.250,3100,52.260,1909,52.280,11500,52.300,500,52.320,2017-02-03,15:00:00,00";
var hq_str_sh600039="四川路桥,4.890,4.880,4.810,4.900,4.800,4.810,4.820,11067848,53464938.000,117700,4.810,672400,4.800,102900,4.790,122600,4.780,62300,4.770,120500,4.820,86300,4.830,108500,4.840,254100,4.850,193500,4.860,2017-02-03,15:00:00,00";
var hq_str_sh600048="保利地产,9.230,9.220,9.180,9.260,9.150,9.180,9.190,18700147,171762034.000,60191,9.180,74082,9.170,530100,9.160,597600,9.150,200500,9.140,189601,9.190,464537,9.200,324800,9.210,333533,9.220,348600,9.230,2017-02-03,15:00:00,00";
var hq_str_sh600050="中国联通,6.510,6.540,6.520,6.620,6.510,6.520,6.530,107866825,707326710.000,865337,6.520,1655734,6.510,1423200,6.500,1345300,6.490,805100,6.480,403800,6.530,833700,6.540,590496,6.550,839740,6.560,569950,6.570,2017-02-03,15:00:00,00";
var hq_str_sh600051="宁波联合,12.960,12.920,12.940,13.080,12.850,12.920,12.940,2355389,30535145.000,400,12.920,6300,12.910,13641,12.900,100,12.890,6700,12.880,300,12.940,3000,12.960,18854,12.970,26780,12.980,53600,12.990,2017-02-03,15:00:00,00";
var hq_str_sh600052="浙江广厦,6.420,6.380,6.510,6.530,6.370,6.500,6.510,6129823,39584704.000,123800,6.500,2100,6.490,14600,6.480,30900,6.470,36695,6.460,16199,6.510,91900,6.520,95800,6.530,18400,6.540,36700,6.550,2017-02-03,15:00:00,00";
var hq_str_sh600053="九鼎投资,44.080,43.980,44.050,44.370,43.700,44.050,44.060,794785,34973129.000,1400,44.050,7500,44.040,300,44.030,400,44.020,7600,44.010,400,44.060,500,44.070,4100,44.080,500,44.090,900,44.100,2017-02-03,15:00:00,00";
var hq_str_sh600054="黄山旅游,16.250,16.170,16.110,16.300,16.100,16.120,16.130,1097800,17772953.000,550,16.120,500,16.110,19700,16.100,1700,16.080,3600,16.060,6600,16.130,25150,16.140,24200,16.150,1900,16.160,22700,16.170,2017-02-03,15:00:00,00";
var hq_str_sh600055="万东医疗,16.580,16.530,16.550,16.580,16.390,16.540,16.560,970220,15988596.000,8100,16.540,3700,16.530,5200,16.520,1700,16.510,2900,16.500,7400,16.560,10800,16.570,56200,16.580,1100,16.600,6200,16.610,2017-02-03,15:00:00,00";
var hq_str_sh600056="中国医药,21.200,21.230,20.850,21.360,20.700,20.820,20.840,3545832,73950330.000,29800,20.820,25000,20.810,13500,20.800,2200,20.790,7300,20.780,26300,20.840,200,20.860,1400,20.870,46000,20.880,23100,20.890,2017-02-03,15:00:00,00";
var hq_str_sh600057="象屿股份,11.060,11.100,11.050,11.140,10.950,11.050,11.060,2889995,31962717.000,18500,11.050,2700,11.030,39400,11.020,7000,11.010,22100,11.000,32624,11.060,5800,11.070,15700,11.080,15500,11.090,30200,11.100,2017-02-03,15:00:00,00";
getData._hq_cron();