var hq_str_sh600103="青山纸业,5.630,5.630,5.610,5.670,5.600,5.610,5.620,2768365,15558517.000,94000,5.610,68068,5.600,50100,5.590,56000,5.580,10700,5.570,19400,5.620,82801,5.630,62000,5.640,94600,5.650,49900,5.660,2017-02-03,15:00:00,00";
var hq_str_sh600104="上汽集团,25.300,25.360,25.110,25.400,25.000,25.090,25.120,8836986,222280195.000,4587,25.090,8640,25.080,10700,25.070,18000,25.060,11800,25.050,38100,25.120,9600,25.130,5700,25.140,39631,25.150,9600,25.160,2017-02-03,15:00:00,00";
var hq_str_sh600105="永鼎股份,9.590,9.590,9.530,9.630,9.490,9.510,9.530,1680900,16025925.000,4900,9.510,60100,9.500,24500,9.490,21400,9.480,12200,9.470,24100,9.530,23100,9.540,20800,9.550,22300,9.560,3600,9.570,2017-02-03,15:00:00,00";
var hq_str_sh600106="重庆路桥,8.170,8.130,8.240,8.270,8.110,8.220,8.230,11968242,98201417.000,11600,8.220,11400,8.210,10800,8.200,23500,8.190,40100,8.180,33518,8.230,81382,8.250,71500,8.260,70002,8.270,104000,8.280,2017-02-03,15:00:00,00";
var hq_str_sh600107="美尔雅,17.500,17.490,17.280,17.500,17.240,17.280,17.290,746000,12913414.000,21100,17.280,20800,17.270,27800,17.260,18500,17.250,21400,17.240,600,17.290,2400,17.300,10700,17.310,1000,17.320,13600,17.330,2017-02-03,15:00:00,00";
var hq_str_sh600108="亚盛集团,5.630,5.610,5.610,5.640,5.590,5.610,5.620,14563685,81731410.000,61728,5.610,1114500,5.600,232030,5.590,256000,5.580,50900,5.570,249203,5.620,173400,5.630,446358,5.640,341400,5.650,546400,5.660,2017-02-03,15:00:00,00";
var hq_str_sh600109="国金证券,13.320,13.370,13.130,13.390,13.120,13.130,13.140,18657129,246053840.000,30700,13.130,123400,13.120,173400,13.110,230500,13.100,11600,13.090,7522,13.140,95745,13.150,13300,13.160,23000,13.170,22900,13.180,2017-02-03,15:00:00,00";
var hq_str_sh600110="诺德股份,9.890,9.890,9.820,9.950,9.770,9.800,9.820,11701200,115051192.000,4200,9.800,26200,9.790,84700,9.780,109600,9.770,83600,9.760,61300,9.820,50400,9.830,35600,9.840,63600,9.850,85826,9.860,2017-02-03,15:00:00,00";
var hq_str_sh600111="北方稀土,12.460,12.500,12.420,12.580,12.380,12.420,12.430,15364977,191461414.000,15300,12.420,59600,12.410,109500,12.400,81700,12.390,111600,12.380,6850,12.430,11800,12.440,36000,12.450,12900,12.460,77600,12.470,2017-02-03,15:00:00,00";
var hq_str_sh600112="天成控股,10.250,10.230,10.230,10.280,10.180,10.230,10.240,2779607,28397678.000,4700,10.230,17800,10.220,15200,10.210,42500,10.200,37400,10.190,22100,10.240,54800,10.250,36200,10.260,18300,10.270,53000,10.280,2017-02-03,15:00:00,00";
var hq_str_sh600113="浙江东日,19.900,19.970,20.340,20.460,19.900,20.320,20.330,9027083,182250903.000,5800,20.320,3400,20.310,8300,20.300,5800,20.290,7100,20.280,500,20.330,13800,20.340,30400,20.350,24200,20.360,20700,20.370,2017-02-03,15:00:00,00";
var hq_str_sh600114="东睦股份,16.560,16.560,16.600,16.750,16.430,16.580,16.590,1568841,26127328.000,4300,16.580,2000,16.570,1000,16.560,1000,16.550,1000,16.540,600,16.590,14975,16.600,9400,16.670,13500,16.680,14100,16.690,2017-02-03,15:00:00,00";
var hq_str_sh600115="东方航空,6.900,6.890,6.880,6.950,6.860,6.880,6.890,42458647,292887117.000,18700,6.880,170000,6.870,549800,6.860,480800,6.850,212700,6.840,1206700,6.890,608400,6.900,382100,6.910,510600,6.920,767200,6.930,2017-02-03,15:00:00,00";
var hq_str_sh600116="三峡水利,9.200,9.210,9.200,9.230,9.150,9.190,9.200,4144603,38061164.000,209800,9.190,182300,9.180,123200,9.170,120500,9.160,190700,9.150,1800,9.200,88000,9.210,129600,9.220,85400,9.230,50600,9.240,2017-02-03,15:00:00,00";
var hq_str_sh600117="西宁特钢,5.840,5.850,5.840,5.910,5.790,5.830,5.840,7023463,40981822.000,56400,5.830,97061,5.820,94100,5.810,103828,5.800,36100,5.790,5965,5.840,69900,5.850,80600,5.860,67300,5.870,55200,5.880,2017-02-03,15:00:00,00";
var hq_str_sh600118="中国卫星,33.050,33.000,33.290,33.330,32.790,33.280,33.290,12338940,409077269.000,1400,33.280,47200,33.270,31300,33.260,700,33.240,1000,33.230,4100,33.290,49531,33.300,20600,33.310,83000,33.320,202600,33.330,2017-02-03,15:00:00,00";
var hq_str_sh600119="长江投资,20.000,19.940,20.090,20.180,19.860,20.090,20.100,6030278,120660075.000,9300,20.090,7600,20.080,3200,20.050,8000,20.040,12800,20.020,9800,20.100,2700,20.110,15600,20.120,22300,20.130,14100,20.140,2017-02-03,15:00:00,00";
var hq_str_sh600120="浙江东方,28.200,28.130,27.600,28.250,27.510,27.560,27.570,4724935,131086564.000,21500,27.560,21300,27.550,22665,27.540,11900,27.530,17700,27.520,3600,27.570,12800,27.610,1300,27.620,4644,27.630,700,27.640,2017-02-03,15:00:00,00";
var hq_str_sh600121="郑州煤电,5.180,5.200,5.250,5.270,5.150,5.240,5.250,5996300,31239398.000,17400,5.240,27600,5.230,25500,5.220,51300,5.210,180700,5.200,93300,5.250,80400,5.260,95500,5.270,64400,5.280,61000,5.290,2017-02-03,15:00:00,00";
var hq_str_sh600122="宏图高科,12.700,12.700,12.610,12.970,12.540,12.610,12.620,7626117,96540777.000,2000,12.610,23000,12.600,39800,12.590,39600,12.580,36300,12.570,7700,12.620,10200,12.630,1000,12.640,7500,12.650,3000,12.660,2017-02-03,15:00:00,00";
var hq_str_sh600123="兰花科创,7.710,7.710,7.650,7.730,7.620,7.640,7.650,7230972,55347148.000,55000,7.640,127200,7.630,204300,7.620,103100,7.610,163300,7.600,8000,7.650,57801,7.660,48900,7.670,31800,7.680,19200,7.690,2017-02-03,15:00:00,00";
var hq_str_sh600125="铁龙物流,9.620,9.630,9.820,9.970,9.580,9.820,9.830,40928356,402647619.000,26600,9.820,34800,9.810,74900,9.800,76233,9.790,126800,9.780,36678,9.830,122200,9.840,174000,9.850,37800,9.860,25400,9.870,2017-02-03,15:00:00,00";
var hq_str_sh600126="杭钢股份,7.970,7.990,7.940,8.070,7.930,7.940,7.950,2962963,23607934.000,34937,7.940,72200,7.930,15400,7.920,24700,7.910,61000,7.900,37400,7.950,49100,7.960,90000,7.970,58800,7.980,46800,7.990,2017-02-03,15:00:00,00";
var hq_str_sh600127="金健米业,6.750,6.750,6.690,6.750,6.660,6.680,6.690,3393205,22729757.000,57100,6.680,8900,6.670,192395,6.660,61500,6.650,29000,6.640,12614,6.690,25800,6.700,63300,6.710,108500,6.720,18400,6.730,2017-02-03,15:00:00,00";
var hq_str_sh600128="弘业股份,14.660,14.710,14.490,14.670,14.420,14.480,14.490,3422510,49696474.000,3600,14.480,6900,14.470,14400,14.460,41500,14.450,2100,14.440,4400,14.490,6300,14.500,15500,14.510,3400,14.520,4220,14.530,2017-02-03,15:00:00,00";
var hq_str_sh600129="太极集团,17.200,17.180,17.140,17.230,17.010,17.140,17.150,1595976,27315206.000,900,17.140,33100,17.130,8200,17.110,1200,17.100,2700,17.090,100,17.150,8400,17.160,5774,17.170,44400,17.180,5400,17.190,2017-02-03,15:00:00,00";
var hq_str_sh600130="波导股份,8.630,8.640,8.550,8.630,8.500,8.540,8.550,5347368,45686780.000,34000,8.540,52500,8.530,62700,8.520,48800,8.510,264500,8.500,5000,8.550,26600,8.560,47900,8.570,54400,8.580,50200,8.590,2017-02-03,15:00:00,00";
var hq_str_sh600131="岷江水电,9.490,9.530,9.470,9.540,9.420,9.470,9.480,2459846,23295703.000,365,9.470,14500,9.460,35000,9.450,49000,9.440,71600,9.430,2111,9.480,10867,9.490,4000,9.500,29405,9.510,35377,9.520,2017-02-03,15:00:00,00";
var hq_str_sh600132="重庆啤酒,19.700,19.690,20.210,21.120,19.690,20.210,20.220,6782463,138264291.000,4000,20.210,1300,20.200,800,20.190,2800,20.180,1900,20.170,5400,20.220,18600,20.230,5000,20.240,1200,20.250,500,20.260,2017-02-03,15:00:00,00";
var hq_str_sh600133="东湖高新,7.870,7.860,7.820,7.900,7.790,7.820,7.830,2582100,20237724.000,44200,7.820,12900,7.810,80300,7.800,14700,7.790,20200,7.780,47687,7.830,24001,7.840,18700,7.850,64900,7.860,49300,7.870,2017-02-03,15:00:00,00";
var hq_str_sh600135="乐凯胶片,13.940,13.910,14.100,14.110,13.830,14.090,14.100,4187259,58737286.000,2900,14.090,11800,14.080,2200,14.070,65900,14.060,1800,14.030,5000,14.100,53100,14.110,16900,14.120,2400,14.130,12000,14.140,2017-02-03,15:00:00,00";
var hq_str_sh600136="当代明诚,15.200,15.330,15.780,15.980,15.050,15.760,15.780,2814899,44288127.000,2500,15.760,2500,15.750,6824,15.740,4600,15.730,10800,15.720,11800,15.780,8900,15.790,263194,15.800,8300,15.810,21742,15.820,2017-02-03,15:00:00,00";
var hq_str_sh600137="浪莎股份,45.650,45.730,45.690,45.750,45.010,45.580,45.690,341412,15500672.000,500,45.580,3300,45.570,800,45.510,3700,45.500,500,45.450,1000,45.690,34000,45.700,1988,45.710,5500,45.720,500,45.730,2017-02-03,15:00:00,00";
var hq_str_sh600138="中青旅,21.470,21.330,21.230,21.570,21.200,21.220,21.230,2805079,59678412.000,3800,21.220,14086,21.210,8712,21.200,35800,21.190,800,21.180,3300,21.230,16987,21.240,37263,21.250,900,21.260,2800,21.270,2017-02-03,15:00:00,00";
var hq_str_sh600139="西部资源,11.420,11.420,11.220,11.450,11.030,11.210,11.220,7116078,79733878.000,14000,11.210,27000,11.200,25500,11.190,30200,11.180,10500,11.170,1200,11.220,52100,11.230,46000,11.240,13200,11.250,13700,11.260,2017-02-03,15:00:00,00";
var hq_str_sh600141="兴发集团,13.270,13.240,13.400,13.520,13.240,13.410,13.420,6498477,87070917.000,7700,13.410,73700,13.400,5000,13.390,8100,13.370,40500,13.360,300,13.420,8600,13.430,12800,13.440,20100,13.450,15200,13.460,2017-02-03,15:00:00,00";
var hq_str_sh600143="金发科技,0.000,7.740,7.740,0.000,0.000,0.000,0.000,0,0.000,0,0.000,0,0.000,0,0.000,0,0.000,0,0.000,0,0.000,0,0.000,0,0.000,0,0.000,0,0.000,2017-02-03,15:00:00,03";
var hq_str_sh600146="商赢环球,0.000,35.730,35.730,0.000,0.000,0.000,0.000,0,0.000,0,0.000,0,0.000,0,0.000,0,0.000,0,0.000,0,0.000,0,0.000,0,0.000,0,0.000,0,0.000,2017-02-03,15:00:00,03";
var hq_str_sh600148="长春一东,41.940,42.310,44.900,45.660,41.400,44.890,44.900,14516281,642065027.000,1000,44.890,19100,44.880,1100,44.870,2700,44.860,23200,44.850,9700,44.900,9100,44.910,1100,44.930,21100,44.940,31400,44.950,2017-02-03,15:00:00,00";
var hq_str_sh600149="廊坊发展,20.690,20.530,20.750,20.880,20.400,20.750,20.760,4862766,100497563.000,12900,20.750,3000,20.740,2300,20.730,32600,20.720,1200,20.710,3400,20.760,40501,20.770,45900,20.780,18500,20.790,19000,20.800,2017-02-03,15:00:00,00";
getData._hq_cron();