var hq_str_sh600058="五矿发展,15.200,15.190,14.940,15.200,14.890,14.920,14.930,3535980,52996269.000,600,14.920,12600,14.910,19300,14.900,11500,14.890,30700,14.880,2300,14.930,45400,14.940,11409,14.950,10000,14.970,2600,14.980,2017-02-03,15:00:00,00";
var hq_str_sh600059="古越龙山,10.490,10.510,10.460,10.550,10.420,10.460,10.470,6029082,63162596.000,35600,10.460,25800,10.450,22809,10.440,35500,10.430,116300,10.420,12800,10.470,12313,10.480,11200,10.490,31001,10.500,15800,10.510,2017-02-03,15:00:00,00";
var hq_str_sh600060="海信电器,17.480,17.440,17.290,17.490,17.160,17.290,17.300,5318347,91949499.000,4854,17.290,6200,17.280,3200,17.270,1500,17.260,1500,17.250,12100,17.300,16742,17.310,8700,17.320,15200,17.330,5900,17.340,2017-02-03,15:00:00,00";
var hq_str_sh600061="国投安信,15.530,15.570,15.390,15.570,15.370,15.390,15.400,4010197,61964381.000,123000,15.390,48500,15.380,12300,15.370,20100,15.360,25500,15.350,38278,15.400,10000,15.410,6100,15.420,5600,15.430,3200,15.440,2017-02-03,15:00:00,00";
var hq_str_sh600062="华润双鹤,23.840,23.880,24.380,24.500,23.730,24.410,24.430,3436549,83028330.000,34800,24.410,1000,24.350,14500,24.320,20300,24.310,1200,24.300,10886,24.430,7600,24.440,17500,24.450,28196,24.460,11200,24.470,2017-02-03,15:00:00,00";
var hq_str_sh600063="皖维高新,4.740,4.730,4.690,4.750,4.680,4.690,4.700,8970604,42242659.000,200,4.690,300596,4.680,143400,4.670,117700,4.660,98100,4.650,454400,4.700,210600,4.710,122000,4.720,157200,4.730,245100,4.740,2017-02-03,15:00:00,00";
var hq_str_sh600064="南京高科,17.220,17.180,16.960,17.220,16.930,16.950,16.960,3480070,59363515.000,1000,16.950,15773,16.940,16000,16.930,19500,16.920,12900,16.910,12851,16.960,500,16.970,7500,16.980,14600,16.990,19800,17.000,2017-02-03,15:00:00,00";
var hq_str_sh600066="宇通客车,20.260,20.260,20.200,20.350,20.110,20.200,20.210,4371068,88268061.000,17359,20.200,3800,20.190,13008,20.180,10700,20.170,6198,20.160,9100,20.210,18400,20.220,58300,20.230,13400,20.240,27320,20.250,2017-02-03,15:00:00,00";
var hq_str_sh600067="冠城大通,7.100,7.090,7.030,7.120,7.020,7.040,7.050,4316100,30448669.000,1700,7.040,58000,7.030,226900,7.020,27500,7.010,146500,7.000,4200,7.050,27200,7.060,27600,7.070,80700,7.080,88900,7.090,2017-02-03,15:00:00,00";
var hq_str_sh600068="葛洲坝,9.890,9.910,9.870,9.960,9.810,9.860,9.870,28697888,283525381.000,157600,9.860,110200,9.850,76500,9.840,216900,9.830,261100,9.820,89700,9.870,77800,9.880,47500,9.890,221300,9.900,151500,9.910,2017-02-03,15:00:00,00";
var hq_str_sh600069="银鸽投资,10.130,10.230,10.090,10.290,10.010,10.080,10.090,17930061,181330961.000,34600,10.080,56300,10.070,14100,10.060,63573,10.050,127900,10.040,19000,10.090,46200,10.100,46450,10.110,57400,10.120,50100,10.130,2017-02-03,15:00:00,00";
var hq_str_sh600070="浙江富润,13.430,13.410,13.400,13.480,13.310,13.390,13.400,726002,9717304.000,700,13.390,3300,13.380,8800,13.370,7400,13.360,4000,13.350,1300,13.400,20910,13.410,15000,13.420,7200,13.430,17200,13.440,2017-02-03,15:00:00,00";
var hq_str_sh600071="凤凰光学,22.330,22.270,21.920,22.350,21.400,21.920,21.930,1377584,29978751.000,7206,21.920,400,21.900,15000,21.880,200,21.870,49900,21.860,3400,21.930,2400,21.940,3700,21.950,4900,21.960,2000,21.970,2017-02-03,15:00:00,00";
var hq_str_sh600072="钢构工程,19.600,19.390,20.750,21.320,19.500,20.750,20.780,34169586,702022710.000,800,20.750,27480,20.740,7200,20.730,13000,20.720,6300,20.710,8600,20.780,32000,20.790,90400,20.800,16915,20.810,20400,20.820,2017-02-03,15:00:00,00";
var hq_str_sh600073="上海梅林,10.710,10.690,10.740,10.810,10.610,10.740,10.750,4636580,49701504.000,3200,10.740,39327,10.730,16400,10.720,25185,10.710,34400,10.700,54076,10.750,45716,10.760,19500,10.770,71000,10.780,38722,10.790,2017-02-03,15:00:00,00";
var hq_str_sh600074="保千里,13.210,13.540,13.330,13.480,13.160,13.310,13.320,8737160,116308391.000,29200,13.310,48300,13.300,25899,13.290,19900,13.280,12000,13.270,4700,13.320,17100,13.330,33700,13.340,32000,13.350,38200,13.360,2017-02-03,15:00:00,00";
var hq_str_sh600075="新疆天业,12.090,12.160,11.960,12.200,11.930,11.960,11.970,4653259,55811485.000,6236,11.960,47200,11.950,12530,11.940,57950,11.930,5400,11.920,11000,11.970,19100,11.980,10000,11.990,12100,12.000,1300,12.010,2017-02-03,15:00:00,00";
var hq_str_sh600076="康欣新材,9.210,9.200,9.090,9.240,9.080,9.090,9.100,4634048,42291726.000,42540,9.090,60385,9.080,58200,9.070,31500,9.060,50300,9.050,47600,9.100,56100,9.110,44600,9.120,63598,9.130,84900,9.140,2017-02-03,15:00:00,00";
var hq_str_sh600077="宋都股份,5.180,5.190,5.150,5.220,5.090,5.140,5.150,7000417,35987902.000,29700,5.140,25600,5.130,99000,5.120,111900,5.110,303500,5.100,5400,5.150,77900,5.160,60068,5.170,65700,5.180,55500,5.190,2017-02-03,15:00:00,00";
var hq_str_sh600078="澄星股份,6.970,6.970,6.990,7.010,6.930,6.980,6.990,3626053,25287474.000,39748,6.980,11700,6.970,32400,6.960,115300,6.950,76800,6.940,71600,6.990,134100,7.000,54600,7.010,55800,7.020,20600,7.030,2017-02-03,15:00:00,00";
var hq_str_sh600079="人福医药,19.490,19.410,19.380,19.490,19.290,19.390,19.410,2384137,46163822.000,5300,19.390,180200,19.380,27400,19.370,4900,19.350,7000,19.340,2000,19.410,20800,19.420,35000,19.430,47400,19.440,9700,19.450,2017-02-03,15:00:00,00";
var hq_str_sh600080="金花股份,11.790,11.790,11.750,11.850,11.650,11.750,11.770,1442800,16942993.000,5100,11.750,8100,11.740,2300,11.730,16500,11.720,6700,11.710,12900,11.770,6900,11.780,16900,11.790,22300,11.800,9700,11.810,2017-02-03,15:00:00,00";
var hq_str_sh600081="东风科技,15.180,15.180,15.570,15.630,15.130,15.560,15.580,3289154,50723509.000,1000,15.560,1000,15.550,6300,15.540,20800,15.530,5000,15.520,3400,15.580,30200,15.590,53400,15.600,400,15.610,8100,15.620,2017-02-03,15:00:00,00";
var hq_str_sh600082="海泰发展,7.170,7.160,7.070,7.180,6.990,7.070,7.080,4454100,31543891.000,115300,7.070,3100,7.060,23500,7.050,16500,7.040,17800,7.030,6200,7.080,30300,7.090,62800,7.100,20900,7.110,21400,7.120,2017-02-03,15:00:00,00";
var hq_str_sh600083="博信股份,22.840,22.840,22.700,23.030,22.650,22.700,22.780,221338,5050360.000,2100,22.700,900,22.690,1000,22.680,2900,22.670,1000,22.640,1200,22.780,3600,22.850,8200,22.880,11600,22.890,25200,22.900,2017-02-03,15:00:00,00";
var hq_str_sh600084="中葡股份,10.820,10.890,10.840,11.200,10.510,10.840,10.850,29764763,321678829.000,13600,10.840,105600,10.830,44700,10.820,900,10.810,1700,10.800,66100,10.850,29500,10.860,15800,10.870,39300,10.880,46700,10.890,2017-02-03,15:00:00,00";
var hq_str_sh600085="同仁堂,30.410,30.410,30.360,30.500,30.310,30.360,30.370,3704941,112674173.000,35259,30.360,77600,30.350,1800,30.340,24500,30.330,21100,30.320,23000,30.370,2400,30.380,3900,30.400,6200,30.410,146300,30.420,2017-02-03,15:00:00,00";
var hq_str_sh600086="东方金钰,10.380,10.380,10.350,10.590,10.260,10.310,10.350,6950633,72125066.000,3800,10.310,2800,10.300,21800,10.290,8100,10.280,21500,10.270,29900,10.350,36900,10.360,37500,10.370,101300,10.380,57100,10.390,2017-02-03,15:00:00,00";
var hq_str_sh600088="中视传媒,20.870,20.890,20.890,21.140,20.610,20.850,20.890,547600,11444416.000,4000,20.850,1400,20.840,500,20.830,2300,20.820,6700,20.810,6600,20.890,1700,20.960,900,20.970,6300,20.980,4900,20.990,2017-02-03,15:00:00,00";
var hq_str_sh600089="特变电工,9.440,9.430,9.440,9.450,9.390,9.430,9.440,9508679,89538319.000,73200,9.430,48714,9.420,66300,9.410,100260,9.400,236004,9.390,77195,9.440,287600,9.450,95700,9.460,110400,9.470,105300,9.480,2017-02-03,15:00:00,00";
var hq_str_sh600090="同济堂,11.330,11.270,11.300,11.410,11.180,11.300,11.310,3186136,36027005.000,300,11.300,44400,11.290,39100,11.280,15700,11.270,2300,11.260,11400,11.310,12800,11.320,15800,11.330,10200,11.340,6701,11.350,2017-02-03,15:00:00,00";
var hq_str_sh600093="禾嘉股份,13.230,13.180,13.240,13.280,13.060,13.230,13.240,1780085,23441521.000,100,13.230,300,13.220,2284,13.210,6200,13.200,1000,13.180,300,13.240,33101,13.250,20200,13.260,16700,13.270,23900,13.280,2017-02-03,15:00:00,00";
var hq_str_sh600094="大名城,8.230,8.210,8.200,8.230,8.120,8.190,8.200,3686422,30183580.000,7900,8.190,38400,8.180,57700,8.170,62400,8.160,106200,8.150,124400,8.200,131700,8.210,139300,8.220,190100,8.230,117300,8.240,2017-02-03,15:00:00,00";
var hq_str_sh600095="哈高科,13.170,12.910,13.170,14.200,12.830,13.100,13.160,7050119,92578383.000,1000,13.100,100,13.090,1000,13.060,3000,13.050,6700,13.040,21800,13.160,9300,13.190,19002,13.200,20900,13.210,20000,13.220,2017-02-03,15:00:00,00";
var hq_str_sh600096="云天化,9.020,9.030,8.960,9.050,8.900,8.970,8.980,4630802,41545605.000,23398,8.970,37100,8.950,5500,8.940,14200,8.930,31200,8.920,12700,8.980,300,8.990,23100,9.000,13700,9.010,121500,9.020,2017-02-03,15:00:00,00";
var hq_str_sh600097="开创国际,22.980,23.080,23.320,23.370,22.630,23.280,23.290,2020678,46966981.000,1500,23.280,900,23.270,1000,23.260,2200,23.250,1100,23.230,17500,23.290,2000,23.300,1200,23.310,500,23.320,15200,23.330,2017-02-03,15:00:00,00";
var hq_str_sh600098="广州发展,11.260,11.250,11.770,12.010,11.180,11.760,11.770,37399674,436259144.000,72000,11.760,156000,11.750,86550,11.740,1031700,11.730,28400,11.720,15000,11.770,54500,11.790,241866,11.800,13700,11.810,44100,11.820,2017-02-03,15:00:00,00";
var hq_str_sh600099="林海股份,16.900,16.910,16.840,16.990,16.530,16.900,16.950,4616163,76915159.000,100,16.900,7100,16.800,500,16.790,5200,16.740,6400,16.730,3900,16.950,22200,16.960,1400,16.970,15000,16.980,39700,16.990,2017-02-03,15:00:00,00";
var hq_str_sh600100="同方股份,13.570,13.570,13.650,13.740,13.550,13.640,13.650,15138365,206299000.000,44500,13.640,191500,13.630,234400,13.620,66500,13.610,124900,13.600,67200,13.650,123800,13.660,154700,13.670,79000,13.680,87700,13.690,2017-02-03,15:00:00,00";
var hq_str_sh600101="明星电力,11.500,11.490,11.360,11.550,11.280,11.360,11.370,2222798,25263452.000,8500,11.360,20400,11.350,18600,11.340,14800,11.330,23000,11.320,4200,11.370,19400,11.380,2800,11.390,7000,11.400,3000,11.410,2017-02-03,15:00:00,00";
getData._hq_cron();